686 4
3.6216 8.6661 -2.8073 -0.44699
3.866 -2.6383 1.9242 0.10645
0.32924 -4.4552 4.5718 -0.9888
3.5912 3.0129 0.72888 0.56421
3.2032 5.7588 -0.75345 -0.61251
1.2247 8.7779 -2.2135 -0.80647
1.8993 7.6625 0.15394 -3.1108
3.404 8.7261 -2.9915 -0.57242
2.6719 3.0646 0.37158 0.58619
1.4479 -4.8794 8.3428 -2.1086
5.7867 7.8902 -2.6196 -0.48708
3.9362 10.1622 -3.8235 -4.0172
4.4338 9.887 -4.6795 -3.7483
1.1432 -3.7413 5.5777 -0.63578
6.5633 9.8187 -4.4113 -3.2258
-0.24811 -0.17797 4.9068 0.15429
4.2969 7.617 -2.3874 -0.96164
-1.6162 0.80908 8.1628 0.60817
2.6881 6.0195 -0.46641 -0.69268
4.5679 3.1929 -2.1055 0.29653
4.1711 8.722 -3.0224 -0.59699
-0.0068919 9.2931 -0.41243 -1.9638
2.8561 6.9176 -0.79372 0.48403
2.0843 6.6258 0.48382 -2.2134
3.9102 6.065 -2.4534 -0.68234
4.3239 -4.8835 3.4356 -0.5776
3.1452 5.825 -0.51439 -1.4944
4.9264 5.496 -2.4774 -0.50648
2.5635 6.7769 -0.61979 0.38576
3.1377 -4.1096 4.5701 0.98963
2.888 0.44696 4.5907 -0.24398
4.2586 11.2962 -4.0943 -4.3457
5.4021 3.1039 -1.1536 1.5651
4.6054 -4.0765 2.7587 0.31981
1.0009 7.7846 -0.28219 -2.6608
3.9529 -2.3548 2.3792 0.48274
4.7181 10.0153 -3.9486 -3.8582
4.4069 10.9072 -4.5775 -4.4271
3.7935 7.9853 -2.5477 -1.872
0.24835 7.6439 0.9885 -0.87371
2.8033 9.0862 -3.3668 -1.0224
5.0185 8.5978 -2.9375 -1.281
3.245 6.63 -0.63435 0.86937
-1.1313 1.9037 7.5339 1.022
4.1197 -2.7956 2.0707 0.67412
1.4806 7.6377 -2.7876 -1.0341
4.3064 8.2068 -2.7824 -1.4336
3.2718 1.7837 2.1161 0.61334
2.9543 1.076 0.64577 0.89394
3.82 10.9279 -4.0112 -5.0284
3.3669 -5.1856 3.6935 -1.1427
5.1129 -0.49871 0.62863 1.1189
4.2027 0.22761 0.96108 0.97282
2.3136 10.6651 -3.5288 -4.7672
3.106 9.5414 -4.2536 -4.003
3.9922 -4.4676 3.7304 -0.1095
3.2351 9.647 -3.2074 -2.5948
1.7819 6.9176 -1.2744 -1.5759
3.8969 7.4163 -1.8245 0.14007
2.8969 0.70768 2.29 1.8663
3.4642 10.6878 -3.4071 -4.109
-1.4572 9.1214 1.7425 -5.1241
-0.91718 9.9884 1.1804 -5.2263
-2.343 12.9516 3.3285 -5.9426
4.6689 1.3098 0.055404 1.909
3.2697 -4.3414 3.6884 -0.29829
2.0139 6.1416 0.37929 0.56938
-1.0401 9.3987 0.85998 -5.3336
5.438 9.4669 -4.9417 -3.9202
5.2418 10.5388 -4.1174 -4.2797
2.0911 0.94358 4.5512 1.234
4.1736 3.3336 -1.4244 0.60429
3.8481 10.1539 -3.8561 -4.2228
3.8584 0.78425 1.1033 1.7008
3.6277 0.9829 0.68861 0.63403
4.5447 8.2274 -2.4166 -1.5875
5.0691 0.21313 0.20278 1.2095
1.9358 8.1654 -0.023425 -2.2586
2.4226 -4.5752 5.947 0.21507
2.2634 -4.4862 3.6558 -0.61251
5.0452 3.8964 -1.4304 0.86291
0.17346 7.8695 0.26876 -3.7883
4.8851 1.5995 -0.00029081 1.6401
1.1166 8.6496 -0.96252 -1.8112
-1.803 11.8818 2.0458 -5.2728
0.5706 -0.0248 1.2421 -0.5621
-1.6952 1.0657 8.8294 0.94955
1.8799 2.4707 2.4931 0.37671
0.19081 9.1297 -3.725 -5.8224
-0.13144 -1.7775 8.3316 0.35214
1.6426 3.0149 0.22849 -0.147
-0.69572 8.6165 1.8419 -4.3289
-1.7559 11.9459 3.0946 -4.8978
3.2585 -4.4614 3.8024 -0.15087
4.5645 -3.6275 2.8684 0.27714
0.9297 -3.7971 4.6429 -0.2957
1.4578 -0.08485 4.1785 0.59136
-2.341 12.3784 0.70403 -7.5836
4.1454 7.257 -1.9153 -0.86078
4.0215 -2.1914 2.4648 1.1409
-2.0897 10.8265 2.3603 -3.4198
-0.78689 9.5663 -3.7867 -7.5034
0.83292 7.5404 0.65005 -0.92544
5.3063 5.2684 -2.8904 -0.52716
2.1059 7.6046 -0.47755 -1.8461
4.2899 9.1814 -4.6067 -4.3263
2.614 8.0081 -3.7258 -1.3069
4.1962 0.74493 0.83256 0.753
1.3234 3.2964 0.2362 -0.11984
-0.16735 7.6274 1.2061 -3.6241
-2.2261 12.5398 2.9438 -3.5258
1.0987 0.6394 5.989 -0.58277
-0.36038 4.1158 3.1143 -0.37199
0.5706 -0.0248 1.2421 -0.5621
3.1219 -3.137 1.9259 -0.37458
-1.3389 1.552 7.0806 1.031
2.2596 -0.033118 4.7355 -0.2776
2.7296 2.8701 0.51124 0.5099
-1.3274 9.498 2.4408 -5.2689
3.9994 0.90427 1.1693 1.6892
3.2704 6.9321 -1.0456 0.23447
1.6406 3.5488 1.3964 -0.36424
2.4287 9.3821 -3.2477 -1.4543
1.6472 0.48213 4.7449 1.225
0.3798 0.7098 0.7572 -0.4444
4.5691 -4.4552 3.1769 0.0042961
0.5734 9.1938 -0.9094 -1.872
4.0102 10.6568 -4.1388 -5.0646
3.0934 -2.9177 2.2232 0.22283
3.744 0.79459 0.95851 1.0077
3.7731 7.2073 -1.6814 -0.94742
1.8114 7.6067 -0.9788 -2.4668
2.483 6.6155 -0.79287 -0.90863
-0.016103 9.7484 0.15394 -1.6134
0.9297 -3.7971 4.6429 -0.2957
3.8417 10.0215 -4.2699 -4.9159
4.4072 -0.070365 2.0416 1.1319
5.2756 0.13863 0.12138 1.1435
4.052 -0.16555 0.45383 0.51248
0.89566 7.7763 -2.7473 -1.9353
0.20977 -0.46146 7.7267 0.90946
2.877 -4.0599 3.6259 -0.32544
-1.3 10.2678 -2.953 -5.8638
1.3419 -4.4221 8.09 -1.7349
0.44125 2.9487 4.3225 0.7155
2.5678 3.5136 0.61406 -0.40691
4.1349 6.1189 -2.4294 -0.19613
2.5068 1.1588 3.9249 0.12585
0.051979 7.0521 -2.0541 -3.1508
1.143 0.83391 5.4552 -0.56984
0.3292 -4.4552 4.5718 -0.9888
1.6849 8.7489 -1.2641 -1.3858
2.3729 10.4726 -3.0087 -3.2013
0.27451 9.2186 -3.2863 -4.8448
4.616 10.1788 -4.2185 -4.4245
4.0215 -2.7004 2.4957 0.36636
1.5902 2.2948 3.2403 0.18404
1.1811 8.3847 -2.0567 -0.90345
5.7353 5.2808 -2.2598 0.075416
1.5799 -4.7076 7.9186 -1.5487
0.5195 -3.2633 3.0895 -0.9849
-1.7344 2.0175 7.7618 0.93532
3.5257 1.2829 1.9276 1.7991
-0.16108 -6.4624 8.3573 -1.5216
3.5152 6.8224 -0.67377 -0.46898
1.0607 2.4542 2.5188 -0.17027
3.5594 1.3078 1.291 1.6556
3.9294 1.4112 1.8076 0.89782
3.966 3.9213 0.70574 0.33662
0.96414 5.616 2.2138 -0.12501
4.9923 7.8653 -2.3515 -0.71984
4.0329 0.23175 0.89082 1.1823
3.5982 7.1307 -1.3035 0.21248
4.0972 0.46972 1.6671 0.91593
3.1088 3.1122 0.80857 0.4336
-1.2528 10.2036 2.1787 -5.6038
0.3292 -4.4552 4.5718 -0.9888
3.5458 9.3718 -4.0351 -3.9564
2.7206 9.0821 -3.3111 -0.96811
2.6917 10.8161 -3.3 -4.2888
2.7161 -4.2006 4.1914 0.16981
1.7452 4.8028 2.0878 0.62627
5.7823 5.5788 -2.4089 -0.056479
3.5189 6.332 -1.7791 -0.020273
3.4985 3.1639 0.22677 -0.1651
2.2526 9.9636 -3.1749 -2.9944
0.74307 11.17 -1.3824 -4.0728
-1.5055 0.070346 6.8681 -0.50648
3.2303 7.8384 -3.5348 -1.2151
2.8523 9.0096 -3.761 -3.3371
1.5099 0.039307 6.2332 -0.30346
0.86202 2.6963 4.2908 0.54739
0.54777 10.3754 -1.5435 -4.1633
-2.4953 11.1472 1.9353 -3.4638
-2.2527 11.5321 2.5899 -3.2737
-0.36279 8.2895 -1.9213 -3.3332
0.86736 5.5643 1.6765 -0.16769
-2.2623 12.1177 0.28846 -7.7581
2.6799 3.1349 0.34073 0.58489
4.3937 0.35798 2.0416 1.2004
1.3049 -0.15521 6.4911 -0.75346
1.9647 6.9383 0.57722 0.66377
0.3798 0.7098 0.7572 -0.4444
0.14783 7.946 1.0742 -3.3409
4.223 1.1319 0.72202 0.96118
1.941 0.46351 4.6472 1.0879
3.7767 9.7794 -3.9075 -3.5323
1.9818 9.2621 -3.521 -1.872
4.3483 11.1079 -4.0857 -4.2539
-1.2576 1.5892 7.0078 0.42455
-2.484 12.1611 2.8204 -3.7418
4.8368 10.0132 -4.3239 -4.3276
1.9429 6.3961 0.092248 0.58102
-1.5222 10.8409 2.7827 -4.0974
3.4246 -0.14693 0.80342 0.29136
1.5691 6.3465 -0.1828 -2.4099
5.1776 8.2316 -3.2511 -1.5694
5.6272 10.0857 -4.2931 -3.8142
0.3798 0.7098 0.7572 -0.4444
4.0524 5.6802 -1.9693 0.026279
3.4359 0.66216 2.1041 1.8922
3.359 9.8022 -3.8209 -3.7133
1.3349 6.1189 0.46497 0.49826
2.4527 2.9653 0.20021 -0.056479
3.9364 10.5885 -3.725 -4.3133
3.6922 -3.9585 4.3439 1.3517
0.77124 9.0862 -1.2281 -1.4996
1.602 6.1251 0.52924 0.47886
2.0007 1.8644 2.6491 0.47369
4.3848 -3.0729 3.0423 1.2741
0.96574 8.393 -1.361 -1.4659
4.9362 7.6046 -2.3429 -0.85302
5.7403 -0.44284 0.38015 1.3763
1.1472 3.5985 1.9387 -0.43406
4.5707 7.2094 -3.2794 -1.4944
0.87256 9.2931 -0.7843 -2.1978
3.8384 6.1851 -2.0439 -0.033204
2.5817 9.7546 -3.1749 -2.9957
0.3798 0.7098 0.7572 -0.4444
-1.7781 0.8546 7.1303 0.027572
0.94732 -0.57113 7.1903 -0.67587
0.0071249 8.3661 0.50781 -3.8155
4.7432 2.1086 0.1368 1.6543
3.8832 6.4023 -2.432 -0.98363
1.1315 7.9212 1.093 -2.8444
1.9321 6.0423 0.26019 -2.053
-1.8411 10.8306 2.769 -3.0901
2.5698 -4.4076 5.9856 0.078002
3.3756 -4.0951 4.367 1.0698
0.5706 -0.0248 1.2421 -0.5621
3.8644 3.7061 0.70403 0.35214
2.0051 -6.8638 8.132 -0.2401
2.8297 6.3485 -0.73546 -0.58665
2.093 8.3061 0.022844 -3.2724
5.0617 -0.35799 0.44698 0.99868
3.577 2.4004 1.8908 0.73231
2.6648 10.754 -3.3994 -4.1685
2.0153 1.8479 3.1375 0.42843
-2.3983 12.606 2.9464 -5.7888
4.2406 -2.4852 1.608 0.7155
3.1896 5.7526 -0.18537 -0.30087
0.52855 0.96427 4.0243 -1.0483
0.33111 4.5731 2.057 -0.18967
2.2091 7.4556 -1.3284 -3.3021
3.6244 1.4609 1.3501 1.9284
5.7227 5.8312 -2.4097 -0.24527
2.5227 2.2369 2.7236 0.79438
4.8278 7.7598 -2.4491 -1.2216
2.7659 0.66216 4.1494 -0.28406
0.72252 -0.053811 5.6703 -1.3509
3.9772 0.33521 2.2566 2.1625
2.8232 10.8513 -3.1466 -3.9784
4.2458 1.1981 0.66633 0.94696
1.4507 8.7903 -2.2324 -0.65259
1.8533 6.1458 1.0176 -2.0401
3.9719 1.0367 0.75973 1.0013
3.6894 9.887 -4.0788 -4.3664
2.6463 -4.8152 6.3549 0.003003
1.5673 7.9274 -0.056842 -2.1694
4.3846 -4.8794 3.3662 -0.029324
4.0446 11.1741 -4.3582 -4.7401
-2.4604 12.7302 0.91738 -7.6418
2.0193 0.82356 4.6369 1.4202
2.6415 7.586 -0.28562 -1.6677
4.3435 3.3295 0.83598 0.64955
3.9382 0.9291 0.78543 0.6767
5.504 10.3671 -4.413 -4.0211
1.1676 9.1566 -2.0867 -0.80647
0.32444 10.067 -1.1982 -4.1284
2.1752 -0.8091 5.1022 -0.67975
4.7072 8.2957 -2.5605 -1.4905
4.0552 0.40143 1.4563 0.65343
0.33565 6.8369 0.69718 -0.55691
1.5456 8.5482 0.4187 -2.1784
-0.27802 8.1881 -3.1338 -2.5276
4.6352 -3.0087 2.6773 1.212
0.95626 2.4728 4.4578 0.21636
5.2032 3.5116 -1.2538 1.0129
0.65497 5.1815 1.0673 -0.42113
1.105 7.4432 0.41099 -3.0332
1.1558 6.4003 1.5506 0.6961
2.7831 10.9796 -3.557 -4.4039
-2.6479 10.1374 -1.331 -5.4707
-1.4275 11.8797 0.41613 -6.9978
5.086 3.2798 -1.2701 1.1189
-0.2361 9.3221 2.1307 -4.3793
-1.1391 1.8127 6.9144 0.70127
2.5089 6.841 -0.029423 0.44912
3.946 6.8514 -1.5443 -0.5582
1.8592 3.2074 -0.15966 -0.26208
3.4626 -4.449 3.5427 0.15429
5.0429 -0.52974 0.50439 1.106
4.6562 7.6398 -2.4243 -1.2384
1.8384 6.063 0.54723 0.51248
3.5251 0.7201 1.6928 0.64438
2.5989 3.5178 0.7623 0.81119
3.6941 -3.9482 4.2625 1.1577
6.8248 5.2187 -2.5425 0.5461
2.1526 -6.1665 8.0831 -0.34355
2.7213 7.05 -0.58808 0.41809
4.1665 -0.4449 0.23448 0.27843
5.1321 -0.031048 0.32616 1.1151
3.0333 -2.5928 2.3183 0.303
1.162 10.2926 -1.2821 -4.0392
0.77765 5.9781 1.1941 -0.3526
0.21084 9.4359 -0.094543 -1.859
4.6439 -3.3729 2.5976 0.55257
3.5127 2.9073 1.0579 0.40774
-1.3612 10.694 1.7022 -2.9026
1.04 -6.9321 8.2888 -1.2991
4.2756 -2.6528 2.1375 0.94437
2.9736 8.7944 -3.6359 -1.3754
5.3586 3.7557 -1.7345 1.0789
1.2262 0.89599 5.7568 -0.11596
0.5706 -0.024841 1.2421 -0.56208
3.482 -4.1634 3.5008 -0.078462
2.3164 -2.628 3.1529 -0.08622
1.3754 8.8793 -1.9136 -0.53751
0.29961 7.1328 -0.31475 -1.1828
2.4673 1.3926 1.7125 0.41421
3.4465 2.9508 1.0271 0.5461
3.7321 -3.884 3.3577 -0.0060486
-2.0759 10.8223 2.6439 -4.837
0.76163 5.8209 1.1959 -0.64613
2.6213 5.7919 0.065686 -1.5759
5.8519 5.3905 -2.4037 -0.061652
3.9771 11.1513 -3.9272 -4.3444
0.74054 0.36625 2.1992 0.48403
1.645 7.8612 -0.87598 -3.5569
3.2403 -3.7082 5.2804 0.41291
3.9262 6.0299 -2.0156 -0.065531
3.7522 -3.6978 3.9943 1.3051
3.7022 6.9942 -1.8511 -0.12889
3.5829 1.4423 1.0219 1.4008
5.1731 3.9606 -1.983 0.40774
2.4012 1.6223 3.0312 0.71679
4.7965 6.9859 -1.9967 -0.35001
2.5559 3.3605 2.0321 0.26809
0.5195 -3.2633 3.0895 -0.9849
4.0932 5.4132 -1.8219 0.23576
5.2012 0.32694 0.17965 1.1797
4.8451 8.1116 -2.9512 -1.4724
5.1213 8.5565 -3.3917 -1.5474
0.040498 8.5234 1.4461 -3.9306
0.37984 0.70975 0.75716 -0.44441
2.8672 10.0008 -3.2049 -3.1095
-2.7143 11.4535 2.1092 -3.9629
2.7961 2.121 1.8385 0.38317
-0.7056 8.7241 2.2215 -4.5965
0.92703 9.4318 -0.66263 -1.6728
-2.4473 12.6247 0.73573 -7.6612
0.66191 9.6594 -0.28819 -1.6638
4.9852 8.3516 -2.5425 -1.2823
4.6499 7.6336 -1.9427 -0.37458
0.85574 0.0082678 6.6042 -0.53104
4.0422 -4.391 4.7466 1.137
0.38478 6.5989 -0.3336 -0.56466
2.3969 0.23589 4.8477 1.437
4.0127 10.1477 -3.9366 -4.0728
3.931 1.8541 -0.023425 1.2314
3.2414 0.40971 1.4015 1.1952
-1.3971 3.3191 -1.3927 -1.9948
-1.6677 -7.1535 7.8929 0.96765
-3.5681 -8.213 10.083 0.96765
-1.7582 2.7397 -2.5323 -2.234
0.3434 0.12415 -0.28733 0.14654
-2.4115 -9.1359 9.3444 -0.65259
-0.61442 -0.091058 -0.31818 0.50214
-5.9034 6.5679 0.67661 -6.6797
-0.77461 -1.8768 2.4023 1.1319
-3.5801 -12.9309 13.1779 -2.5677
-0.3481 -0.38696 -0.47841 0.62627
-3.4083 4.8587 -0.76888 -4.8668
-2.0962 -7.1059 6.6188 -0.33708
-0.47465 -4.3496 1.9901 0.7517
1.1644 3.8095 -4.9408 -4.0909
-2.7338 0.45523 2.4391 0.21766
-1.6244 -6.3444 4.6575 0.16981
1.6408 4.2503 -4.9023 -2.6621
-5.4901 9.1048 -0.38758 -5.9763
-2.0631 -1.5147 1.219 0.44524
0.6005 1.9327 -3.2888 -0.32415
-0.28015 3.0729 -3.3857 -2.9155
-6.2003 8.6806 0.0091344 -3.703
-3.0265 -0.062088 0.68604 -0.055186
-0.64326 2.4748 -2.9452 -1.0276
-2.0659 1.0512 -0.46298 -1.0974
-1.2568 -1.4733 2.8718 0.44653
-4.8554 -5.9037 10.9818 -0.82199
0.24394 1.4733 -1.4192 -0.58535
-4.0025 -13.4979 17.6772 -3.3202
-3.0731 -0.53181 2.3877 0.77627
-0.4294 -0.14693 0.044265 -0.15605
-4.211 -12.4736 14.9704 -1.3884
-2.5912 -0.10554 1.2798 1.0414
-1.4427 3.2922 -1.9702 -3.4392
-1.522 -6.6383 5.7491 -0.10691
-1.7263 -6.0237 5.2419 0.29524
-0.89569 3.0025 -3.6067 -3.4457
-2.3211 3.166 -1.0002 -2.7151
-2.258 -9.3263 9.3727 -0.85949
-1.8969 -6.7893 5.2761 -0.32544
0.0096613 3.5612 -4.407 -4.4103
-2.1405 -0.16762 1.321 -0.20906
-2.9098 -10.0712 8.4156 -1.9948
0.83625 1.1071 -2.4706 -0.062945
-4.8861 7.0542 -0.17252 -6.959
-2.5754 -5.6574 6.103 0.65214
0.24261 0.57318 -1.9402 0.44007
0.25943 5.0097 -5.0394 -6.3862
-3.4605 2.6901 0.16165 -1.0224
-1.2424 -1.7175 -0.52553 -0.21036
0.59823 3.5012 -3.9795 -1.7841
-4.1409 3.4619 -0.47841 -3.8879
-4.4996 3.4288 0.56265 -1.1672
-1.9423 0.3766 -1.2898 -0.82458
-0.95403 1.9824 -2.3163 -1.1957
-2.799 1.9679 -0.42357 -2.1125
-3.5916 -6.2285 10.2389 -1.1543
-3.2854 4.0372 -0.45356 -1.8228
-2.3518 -4.8359 6.6479 -0.060358
-4.3876 -7.7267 11.9655 -1.4543
-1.0112 2.9984 -1.1664 -1.6185
-1.6514 -8.4985 9.1122 1.2379
-2.5701 -6.8452 8.9999 2.1353
-1.6637 3.2881 -2.2701 -2.2224
0.21431 -0.69529 0.87711 0.29653
-1.8391 -9.0883 9.2416 -0.10432
0.0040545 0.62905 -0.64121 0.75817
-5.2406 6.6258 -0.19908 -6.8607
-0.65767 -2.8018 3.7115 0.99739
-2.8957 -12.0205 11.9149 -2.7552
0.50225 0.65388 -1.1793 0.39998
-2.9146 4.0537 -0.45699 -4.0327
-1.786 -8.1157 7.0858 -1.2112
0.55298 -3.4619 1.7048 1.1008
1.2279 4.0309 -4.6435 -3.9125
-2.5346 -0.77392 3.3602 0.00171
-0.539 -5.167 3.4399 0.052141
2.3917 4.5565 -4.9888 -2.8987
-5.4808 8.1819 0.27818 -5.0323
-1.4174 -2.2535 1.518 0.61981
1.5904 2.2121 -3.1183 -0.11725
-0.23356 3.2405 -3.0669 -2.7784
-6.1536 7.9295 0.61663 -3.2646
-2.2214 -0.23798 0.56008 0.05602
0.26517 2.4066 -2.8416 -0.59958
-1.6176 1.0926 -0.35502 -0.59958
-1.2786 -2.4087 4.5735 0.47627
-4.3773 -5.5167 10.939 -0.4082
0.18868 0.70148 -0.51182 0.0055892
-3.3793 -13.7731 17.9274 -2.0323
-2.121 -0.05588 1.949 1.353
-0.0012852 0.13863 -0.19651 0.0081754
-3.4917 -12.1736 14.3689 -0.61639
-2.0891 -0.48422 1.704 1.7435
-1.2846 3.2715 -1.7671 -3.2608
-1.0292 -6.3879 5.5255 0.79955
-1.0744 -6.3113 5.355 0.80472
-0.36372 3.0439 -3.4816 -2.7836
-2.2501 3.3129 -0.88369 -2.8974
-1.8076 -8.8131 8.7086 -0.21682
-1.4106 -7.108 5.6454 0.31335
0.48797 3.5674 -4.3882 -3.8116
-1.9555 0.20692 1.2473 -0.3707
-2.3299 -9.9532 8.4756 -1.8733
1.3518 1.0595 -2.3437 0.39998
-5.0301 7.5032 -0.13396 -7.5034
-2.2987 -5.227 5.63 0.91722
0.75896 0.29176 -1.6506 0.83834
0.63655 5.2022 -5.2159 -6.1211
-3.518 2.8763 0.1548 -1.2086
-0.69745 -1.7672 -0.34474 -0.12372
0.84546 3.4826 -3.6307 -1.3961
-3.6817 3.2239 -0.69347 -3.4004
-4.577 3.4515 0.66719 -0.94742
-1.4781 0.14277 -1.1622 -0.48579
-0.8734 1.6533 -2.1964 -0.78061
-2.3142 2.0838 -0.46813 -1.6767
-3.0866 -6.6362 10.5405 -0.89182
-2.8829 3.8964 -0.1888 -1.1672
-1.7104 -4.778 6.2109 0.3974
-3.7181 -8.5089 12.363 -0.95518
-0.98193 2.7956 -1.2341 -1.5668
-1.9409 -8.6848 9.155 0.94049
-2.9915 -6.6258 8.6521 1.8198
-2.2677 3.2964 -2.2563 -2.4642
0.14329 -1.0885 1.0039 0.48791
-2.0042 -9.3676 9.3333 -0.10303
-0.40804 0.54214 -0.52725 0.6586
-4.8392 6.6755 -0.24278 -6.5775
-0.66008 -3.226 3.8058 1.1836
-3.0061 -12.2377 11.9552 -2.1603
0.11806 0.39108 -0.98223 0.42843
-2.7264 3.9213 -0.49212 -3.6371
-1.8439 -8.6475 7.6796 -0.66682
0.16358 -3.3584 1.3749 1.3569
0.67886 4.1199 -4.569 -4.1414
-2.3898 -0.78427 3.0141 0.76205
-0.70867 -5.5602 4.0483 0.903
1.7875 4.78 -5.1362 -3.2362
-5.1661 8.0433 0.044265 -4.4983
-1.4904 -2.2183 1.6054 0.89394
0.88992 2.2638 -3.1046 -0.11855
-0.8471 3.1329 -3.0112 -2.9388
-5.8818 7.6584 0.5558 -2.9155
-2.4198 -0.24418 0.70146 0.41809
-0.30432 2.6528 -2.7756 -0.65647
-2.1059 1.1815 -0.53324 -0.82716
-1.5621 -2.2121 4.2591 0.27972
-4.8426 -4.9932 10.4052 -0.53104
-0.11716 0.60422 -0.38587 -0.059065
-3.6961 -13.6779 17.5795 -2.6181
-2.6286 0.18002 1.7956 0.97282
0.31803 -0.99326 1.0947 0.88619
-3.1423 -13.0365 15.6773 -0.66165
-1.366 0.18416 0.90539 1.5806
-0.41965 2.9094 -1.7859 -2.2069
-0.55355 -7.9233 6.7156 0.74394
-0.37013 -5.554 4.7749 1.547
-0.27068 3.2674 -3.5562 -3.0888
-1.3946 2.3134 -0.44499 -1.4905
-1.48 -10.5244 9.9176 -0.5026
-0.62684 -6.301 4.7843 1.106
0.64376 3.764 -4.4738 -4.0483
-1.4628 -1.5706 2.4357 0.49826
-1.5572 -9.8808 8.1088 -1.0806
2.0177 1.7982 -2.9581 0.2099
-4.3667 6.0692 0.57208 -5.4668
-1.8046 -6.8141 6.7019 1.1681
1.4378 0.66837 -2.0267 1.0271
0.7376 4.8525 -4.7986 -5.6659
-3.0193 1.7775 0.73745 -0.45346
-0.1269 -1.1505 -0.95138 0.57843
1.4501 3.6067 -4.0557 -1.5966
-3.8952 3.8157 -0.31304 -3.8194
-4.1429 2.7749 0.68261 -0.71984
-1.0555 0.79459 -1.6968 -0.46768
-0.49948 1.7734 -2.2469 -0.68104
-1.9389 1.5706 0.045979 -1.122
-3.1875 -7.5756 11.8678 -0.57889
-2.0285 3.8468 -0.63435 -1.175
-1.7589 -6.4624 8.4773 0.31981
-3.3582 -7.2404 11.4419 -0.57113
-2.1802 3.3791 -1.2256 -2.6621
-2.2918 -7.257 7.9597 0.9211
-3.3884 -8.215 10.3315 0.98187
-1.7063 2.7956 -2.378 -2.3491
-0.41645 0.32487 -0.33617 -0.36036
-2.5961 -9.349 9.7942 -0.28018
-0.53072 -0.097265 -0.21793 1.0426
-6.5773 6.8017 0.85483 -7.5344
-1.3995 -1.9162 2.5154 0.59912
-3.73 -12.9723 12.9817 -2.684
-0.26654 -0.64562 -0.42014 0.89136
-4.2091 4.7283 -0.49126 -5.2159
-2.4835 -7.4494 6.8964 -0.64484
-0.36025 -4.449 2.1067 0.94308
0.96708 3.8426 -4.9314 -4.1323
-3.3203 -0.02691 2.9618 -0.44958
-1.5951 -6.572 4.7689 -0.94354
1.7331 3.9544 -4.7412 -2.5017
-6.3364 9.2848 0.014275 -6.7844
-2.1979 -2.1252 1.7151 0.45171
0.74067 1.7299 -3.1963 -0.1457
-0.3489 3.1929 -3.4054 -3.1832
-6.9599 8.9931 0.2182 -4.572
-3.2051 -0.14279 0.97565 0.045675
-0.59587 2.4811 -2.8673 -0.89828
-2.0754 1.2767 -0.64206 -1.2642
-2.2183 -1.254 2.9986 0.36378
-5.0477 -5.8023 11.244 -0.3901
-0.7351 1.7361 -1.4938 -1.1582
-4.244 -13.0634 17.1116 -2.8017
-3.0201 -0.67253 2.7056 0.85774
-0.83121 0.039307 0.05369 -0.23105
-4.4018 -12.9371 15.6559 -1.6806
-2.4725 -0.40145 1.4855 1.1189
-2.0149 3.6874 -1.9385 -3.8918
-1.7886 -6.3486 5.6154 0.42584
-1.8343 -6.5907 5.6429 0.54998
-0.70346 2.957 -3.5947 -3.1457
-2.7723 3.2777 -0.9351 -3.1457
-2.4349 -9.2497 8.9922 -0.50001
-1.9551 -6.9756 5.5383 -0.12889
0.025013 3.3998 -4.4327 -4.2655
-2.456 -0.24418 1.4041 -0.45863
-2.9662 -10.3257 8.784 -2.1138
0.6005 0.99945 -2.2126 0.097399
-5.4414 7.2363 0.10938 -7.5642
-2.7769 -5.6967 5.9179 0.37671
0.30081 0.17381 -1.7542 0.48921
0.26877 4.987 -5.1508 -6.3913
-4.0679 2.4955 0.79571 -1.1039
-1.3414 -1.9162 -0.15538 -0.11984
0.6212 3.6771 -4.0771 -2.0711
-4.1244 3.7909 -0.6532 -4.1802
-4.9462 3.5716 0.82742 -1.4957
-2.0662 0.16967 -1.0054 -0.82975
-1.0941 2.3072 -2.5237 -1.4453
-3.551 1.8955 0.1865 -2.4409
-3.6053 -5.974 10.0916 -0.82846
-3.9204 4.0723 -0.23678 -2.1151
-2.4561 -4.5566 6.4534 -0.056479
-4.1958 -8.1819 12.1291 -1.6017
-2.4365 3.6026 -1.4166 -2.8948
-2.7083 -6.8266 7.5339 0.59007
-3.8894 -7.8322 9.8208 0.47498
-2.1652 3.0211 -2.4132 -2.4241
-0.62043 0.5587 -0.38587 -0.66423
-3.0 -9.1566 9.5766 -0.73018
-1.005 0.084831 -0.2462 0.45688
-6.651 6.7934 0.68604 -7.5887
-1.4377 -1.432 2.1144 0.42067
-3.9411 -12.8792 13.0597 -3.3125
-0.74324 -0.32902 -0.42785 0.23317
-4.2333 4.9166 -0.49212 -5.3207
-2.5526 -7.3625 6.9255 -0.66811
-0.89809 -4.4862 2.2009 0.50731
0.53936 3.8944 -4.8166 -4.3418
-3.3553 0.35591 2.6473 -0.37846
-1.9983 -6.6072 4.8254 -0.41984
1.208 4.0744 -4.7635 -2.6129
-6.4247 9.5311 0.022844 -6.8517
-2.659 -1.6058 1.3647 0.16464
0.11032 1.9741 -3.3668 -0.65259
-0.76794 3.4598 -3.4405 -3.4276
-7.0364 9.2931 0.16594 -4.5396
-3.5933 0.22968 0.7126 -0.3332
-0.9607 2.6963 -3.1226 -1.3121
-2.3277 1.4381 -0.82114 -1.2862
-2.5724 -0.95602 2.7073 -0.16639
-5.2943 -5.1463 10.3332 -1.1181
-1.2244 1.7485 -1.4801 -1.4181
-4.6338 -12.7509 16.7166 -3.2168
-3.3458 -0.50491 2.6328 0.53705
0.55939 -0.3104 0.18307 0.44653
-3.506 -12.5667 15.1606 -0.75216
-1.6029 -0.38903 1.62 1.9103
-0.49281 3.0605 -1.8356 -2.834
-0.72068 -6.7583 5.8408 0.62369
-0.97325 -6.4168 5.6026 1.0323
0.062525 2.9301 -3.5467 -2.6737
-1.2943 2.6735 -0.84085 -2.0323
-1.3968 -9.6698 9.4652 -0.34872
-1.1005 -7.2508 6.0139 0.36895
0.90407 3.3708 -4.4987 -3.6965
-1.0833 -0.31247 1.2815 0.41291
-2.0545 -10.8679 9.4926 -1.4116
1.581 0.86909 -2.3138 0.82412
-4.1479 7.1225 -0.083404 -6.4172
-1.7479 -5.823 5.8699 1.212
1.3451 0.23589 -1.8785 1.3258
1.2572 4.8731 -5.2861 -5.8741
-2.9786 2.3445 0.52667 -0.40173
-0.21888 -2.2038 -0.0954 0.56421
1.4896 3.4288 -4.0309 -1.4259
-3.3924 3.3564 -0.72004 -3.5233
-4.0786 2.9239 0.87026 -0.65389
-1.0116 -0.19038 -0.90597 0.003003
-0.24745 1.9368 -2.4697 -0.80518
-2.1668 1.5933 0.045122 -1.678
-2.8391 -6.63 10.4849 -0.42113
-2.41 3.7433 -0.40215 -1.2953
-1.3887 -4.8773 6.4774 0.34179
-3.5637 -8.3827 12.393 -1.2823
